Artist, Streams, Follows, Genre, Likes
Drake, 51243984574, 68195320, Hip-Hop/Rap, 1 1 0 1 1 0 0 0 0 1 0 1 0 1 0 1 1 0 0 1 0 0 1 1 1 1 1 0 0 1 1 1 1 1 1 0 1 0 0 0 1 0 1 0 1 1 1 1 0 0
Bad Bunny, 46801922319, 58186026, Latin trap, 1 0 0 1 1 0 0 1 1 1 1 1 0 1 1 1 0 1 0 0 1 1 0 1 0 0 0 1 1 1 0 0 0 1 1 1 1 1 0 1 1 1 1 0 0 0 1 0 0 0
Ed Sheeran, 38930136857, 104277661, Pop, 0 1 1 0 0 0 1 0 0 0 1 1 0 1 1 1 1 0 1 0 0 0 0 1 1 0 1 1 0 0 1 1 0 1 1 0 0 0 0 0 1 1 0 0 1 0 1 0 0 1
The Weeknd, 27954718974, 45649338, R&B, 1 0 0 1 1 1 1 0 1 0 1 0 1 0 0 1 1 1 0 0 1 1 1 1 1 0 1 0 1 1 0 1 0 0 1 1 1 1 1 1 1 1 0 1 0 0 0 0 1 0
Taylor Swift, 35301822471, 61126540, Pop, 0 0 0 0 0 1 1 0 0 1 0 0 0 0 1 0 1 0 0 0 0 1 1 1 0 1 0 0 1 1 1 1 1 1 0 0 1 0 0 1 0 0 0 0 0 0 0 1 1 0
Justin Bieber, 33151798327, 66952961, Pop, 0 0 1 1 0 0 1 1 0 1 0 1 0 1 0 0 0 0 1 0 1 0 0 0 1 1 0 0 1 0 1 0 0 1 0 1 0 0 0 1 0 1 0 0 0 0 0 0 1 1
Ariana Grande, 32864706601, 84367109, Pop, 0 1 0 1 1 0 1 0 1 1 1 1 1 0 1 1 0 0 1 1 0 1 0 0 1 1 1 1 0 0 1 1 1 0 0 1 0 1 1 1 0 1 1 1 1 0 0 1 0 1
Eminem, 31161514721, 60930468, Hip-Hop/Rap, 0 1 0 0 1 1 0 1 1 0 1 0 0 1 1 1 0 0 1 1 1 1 0 1 1 1 0 0 0 0 1 0 1 0 1 1 1 1 1 1 1 0 0 1 0 0 1 1 1 0
Post Malone, 30401478920, 38572656, Hip-Hop/Rap, 1 0 0 1 0 1 0 1 1 0 1 1 1 0 0 0 1 0 0 0 1 0 0 0 0 1 0 0 1 1 0 0 0 0 1 1 1 0 0 1 0 1 0 1 0 1 0 0 1 1
BTS, 29454240718, 56599167, K-Pop, 0 0 1 1 0 1 1 0 1 0 0 0 0 1 0 0 1 0 1 0 1 0 1 0 0 1 1 1 1 1 1 1 1 0 0 1 0 0 1 1 0 1 0 1 0 0 1 0 0 0
J Balvin, 28149642064, 35642927, Latin urbano, 0 0 0 0 1 0 0 1 0 0 1 0 1 1 0 1 0 0 1 0 1 1 0 0 0 1 1 0 0 1 1 0 0 0 0 0 1 1 0 1 1 0 0 1 1 0 0 0 0 1
Billie Eilish, 24323281691, 70931638, Pop, 1 0 0 0 0 0 0 0 1 1 1 0 0 1 1 0 1 0 1 0 0 0 1 1 0 0 1 0 1 1 0 1 1 0 0 0 1 0 0 0 1 1 1 0 0 0 1 1 0 0
Juice WRLD, 23694016706, 26194965, Hip-Hop/Rap, 0 0 1 1 0 0 0 0 0 0 0 1 0 0 1 0 0 1 0 1 1 1 1 1 1 0 1 0 0 1 1 1 0 1 1 1 1 0 1 1 0 0 0 1 0 1 0 0 1 1
Coldplay, 22848915945, 39396489, Indie, 0 0 0 0 0 0 1 0 0 0 0 0 0 1 1 1 0 1 1 1 1 0 1 0 0 0 0 0 0 1 1 0 0 0 1 0 0 0 0 1 1 0 1 0 1 1 0 1 0 1
Dua Lipa, 22765158029, 36924767, Pop, 0 1 1 1 0 0 0 0 0 0 1 1 0 1 1 1 1 0 0 0 0 1 1 0 1 0 1 0 1 0 0 0 0 0 0 1 0 0 0 0 0 0 0 0 1 1 1 1 1 1
Imagine Dragons, 22408951300, 42916103, Indie, 1 0 0 0 1 0 0 0 0 0 0 1 1 0 0 1 0 0 1 1 1 1 1 0 1 0 0 0 0 0 1 1 1 0 1 0 1 0 1 0 0 1 1 1 1 0 0 0 1 1
XXXTENTACION, 22198055504, 38676678, Hip-Hop/Rap, 0 0 1 0 0 1 1 0 1 1 0 0 1 1 1 0 1 1 1 1 0 1 0 0 0 0 0 1 1 1 1 0 0 1 1 1 0 1 1 0 1 1 0 0 0 0 0 0 1 1
Ozuna, 21559062962, 34075592, Latin urbano, 0 0 1 0 1 0 1 0 1 0 0 1 1 1 1 0 1 1 1 1 1 1 1 1 1 0 1 1 0 1 1 1 0 0 1 1 1 1 1 1 1 1 1 1 1 0 0 1 1 1
Khalid, 21370298481, 15586617, R&B, 0 1 0 0 1 0 1 0 1 0 1 0 1 1 1 1 1 1 0 0 1 0 1 0 1 1 0 0 1 1 0 0 0 0 0 1 1 0 1 0 0 0 0 0 0 1 1 1 1 1
Rihanna, 2126287276, 50706876, Pop, 0 1 0 1 0 0 1 1 1 0 1 0 0 1 0 1 1 1 1 1 0 0 0 0 0 0 0 0 0 0 1 1 1 1 0 1 0 0 0 0 1 1 1 0 1 0 0 1 0 0